_Metrics for all slices of feature "sex"_

sex = Male
  precision: 0.7234814143245694
  recall: 0.621011673151751
  F1.0: 0.6683417085427136

sex = Female
  precision: 0.7065217391304348
  recall: 0.5855855855855856
  F1.0: 0.6403940886699507

